model,ablation,predicted,fold,fold_id,type,dataType,subject,joint,polDegree,FNO_shuff,FNO_batch,FNO_nbMod,FNO_nbHC,FNO_maxIt,fitTime,posRMSE,velRMSE,posAAE,velAAE,tauRMSE,tauAAE,pErrMax,vErrMax,pErrStd,vErrStd,tauErrMax,tauErrStd
FNO,all_but_pos,posvel,3-fold,fold1,train,FULL,S01_a,shoulder,,True,1000,8,128,100,4803.792410373688,0.22693713400337845,0.014152037053556533,0.18897576051244583,0.01258866348288122,0.7566988479029211,0.6678967587353994,0.48927906605612403,0.03289684613619235,0.1597639793073862,0.014094358349858406,1.9576400445954736,0.39273601380989126
FNO,all_but_pos,posvel,3-fold,fold1,train,FULL,S01_a,elbow,,True,1000,8,128,100,4803.792410373688,0.17097088624551007,0.011389736156772114,0.14021933360721334,0.00997734258526872,0.5341776272306002,0.47230522243090073,0.5261481049426613,0.031140557389886688,0.1709143684868668,0.010565475687852051,1.6881047020406015,0.2695364128612087
FNO,all_but_pos,posvel,3-fold,fold1,train,FULL,S02_a,shoulder,,True,1000,8,128,100,4803.792410373688,0.31530769687768667,0.010705896380076959,0.2844817976368144,0.00919788787499174,1.0611789592496181,1.0061678559288332,0.5662986627057992,0.02970967444530136,0.13923969049605883,0.010622908561810035,2.0854869515821184,0.3520518820711976
FNO,all_but_pos,posvel,3-fold,fold1,train,FULL,S02_a,elbow,,True,1000,8,128,100,4803.792410373688,0.17586669864418317,0.008179843239213785,0.1514532462539139,0.0067321524094067125,0.5833689561472055,0.5123698258863906,0.4587958446975793,0.03158653961122519,0.13858525773452904,0.0075781688695400725,1.3538980072827913,0.31834900350536843
FNO,all_but_pos,posvel,3-fold,fold1,train,FULL,S04_a,shoulder,,True,1000,8,128,100,4803.792410373688,0.1968182400574217,0.012336188224262537,0.16309593108515844,0.010751795502544499,1.3189013202289033,1.2006958472778178,0.42055060000239525,0.03213032823493523,0.15109774267041196,0.012258870378631857,2.7799525980462816,0.5604692541940373
FNO,all_but_pos,posvel,3-fold,fold1,train,FULL,S04_a,elbow,,True,1000,8,128,100,4803.792410373688,0.29384842464682576,0.011295294038547746,0.21692354059059266,0.009347451274742674,1.0171288554784685,0.938171000436125,0.8257374899801645,0.03029042065614121,0.21841418932450204,0.011154368337461407,2.0481382556033094,0.396807442700572
FNO,all_but_pos,posvel,3-fold,fold1,train,FULL,S05_a,shoulder,,True,1000,8,128,100,4803.792410373688,0.1820265172431738,0.011352267840538149,0.1416397270904626,0.009696661166264185,0.587750349303999,0.507980657839579,0.5916942793100248,0.02713898740715253,0.1543378981930739,0.011307613737822311,1.764716785041489,0.5428570398290211
FNO,all_but_pos,posvel,3-fold,fold1,train,FULL,S05_a,elbow,,True,1000,8,128,100,4803.792410373688,0.4289383612540876,0.012539242921869852,0.36826662155009887,0.011191768564851295,0.7326437436132885,0.6904193459192173,1.1887194834324952,0.030737493856340205,0.2200658338469788,0.010103330990187329,1.562273782707995,0.24571021541055202
FNO,all_but_pos,posvel,3-fold,fold1,train,FULL,S09_a,shoulder,,True,1000,8,128,100,4803.792410373688,0.19381921240511396,0.012095549680502258,0.16707746861827408,0.010078798921355162,1.0810876800132965,0.8283701763519272,0.45584974052894883,0.0340018526126076,0.1925753583621445,0.012088265449906658,3.8935443617392447,0.9879618347571802
FNO,all_but_pos,posvel,3-fold,fold1,train,FULL,S09_a,elbow,,True,1000,8,128,100,4803.792410373688,0.2580664068152986,0.011496126409404343,0.22639230189154508,0.009375093091428519,0.5405377714129467,0.4399500398368148,0.7132704573766482,0.032751067194015514,0.2417227900076726,0.011312171435684717,1.679997352174814,0.5141826977063453
FNO,all_but_pos,posvel,3-fold,fold1,train,FULL,S10_a,shoulder,,True,1000,8,128,100,4803.792410373688,0.1435048346089136,0.01007584309336059,0.11693103455867239,0.008065509729206843,0.4114896719080256,0.32430465645062023,0.4126041447541604,0.031175252851054533,0.10636575592718245,0.009723952290527983,1.412551423362609,0.31388492722534916
FNO,all_but_pos,posvel,3-fold,fold1,train,FULL,S10_a,elbow,,True,1000,8,128,100,4803.792410373688,0.17606953742575823,0.011926020905250283,0.1379697042653695,0.010096409179725086,0.19484971767056536,0.1677494403729696,0.5858524544843875,0.02968715046554513,0.15518828166697926,0.007035493163166996,0.4960050495437391,0.1935558158174613
FNO,all_but_pos,posvel,3-fold,fold1,train,FULL,S12_c,shoulder,,True,1000,8,128,100,4803.792410373688,0.39574791224853334,0.0065623559653796805,0.31584423810022555,0.005397666214029792,2.7519784229309323,2.1268528613663054,1.1812064762478338,0.02174958278703028,0.38159621270685135,0.006561160953844207,8.61681436718649,2.541507290476272
FNO,all_but_pos,posvel,3-fold,fold1,train,FULL,S12_c,elbow,,True,1000,8,128,100,4803.792410373688,0.3523923660856368,0.006642240350018742,0.2866716490182066,0.005347321716156875,0.7622637237001123,0.6281198897168104,0.9448333614908437,0.023427910985977164,0.35075735111462897,0.006550832869714613,2.5989275012168447,0.744387854964932
FNO,all_but_pos,posvel,3-fold,fold1,train,FULL,S13_c,shoulder,,True,1000,8,128,100,4803.792410373688,0.3728844300642176,0.006424622269927556,0.30441544308699264,0.0051704833747274965,2.0745251699831444,1.6676011026473827,1.096137607870181,0.022907008849809313,0.37027598564975633,0.00642041001972086,6.683784611201859,2.0737749736762705
FNO,all_but_pos,posvel,3-fold,fold1,train,FULL,S13_c,elbow,,True,1000,8,128,100,4803.792410373688,0.34743971348507907,0.006359123434421394,0.2794707912691266,0.005116233548559747,0.8542162999711306,0.6756995882867066,1.088525140628235,0.026197197387412434,0.34736912069505205,0.0063103777625333835,2.833539096583104,0.8304295267312524
FNO,all_but_pos,posvel,3-fold,fold1,train,FULL,S14_c,shoulder,,True,1000,8,128,100,4803.792410373688,0.42224697312031056,0.007211234451637126,0.3363642729177616,0.00591881266613042,1.755990755985616,1.352214332699963,1.2725664241754038,0.023304841465373715,0.41431859724765807,0.0071680130919061355,5.8300880813998655,1.6943570533970829
FNO,all_but_pos,posvel,3-fold,fold1,train,FULL,S14_c,elbow,,True,1000,8,128,100,4803.792410373688,0.3561550810437517,0.006961380633248989,0.2744021218751479,0.00544716018147646,0.4851024012182403,0.38145564034369794,1.37909738906985,0.026344067146045168,0.34678292957670503,0.006816583245361107,1.5755472980489,0.48201321564460287
FNO,all_but_pos,posvel,3-fold,fold1,train,FULL,S16_c,shoulder,,True,1000,8,128,100,4803.792410373688,0.3173477160835345,0.00516825116184071,0.2614167638497421,0.0040413832554759615,2.788241890169402,2.2621158468790568,0.9112841713213506,0.021736512035528777,0.3167415609547201,0.005167631987388849,8.238231211469284,2.7873184426430306
FNO,all_but_pos,posvel,3-fold,fold1,train,FULL,S16_c,elbow,,True,1000,8,128,100,4803.792410373688,0.3045845878619263,0.005482605372538378,0.25627521764781414,0.0044323642517282436,1.1291807009402268,0.9156644454229454,0.7238077100867626,0.021867374108099438,0.3036757413198289,0.005402395368203698,3.1567688529825766,1.1206552336219284
FNO,all_but_pos,posvel,3-fold,fold1,train,FULL,S2_c,shoulder,,True,1000,8,128,100,4803.792410373688,0.3576483711436825,0.005642353201487565,0.302584056365278,0.004462884759531814,2.0914830894708625,1.6655157471239321,1.006766172748339,0.02551573943240252,0.340799224774359,0.005582342795530427,7.18884735435245,2.0903183496485647
FNO,all_but_pos,posvel,3-fold,fold1,train,FULL,S2_c,elbow,,True,1000,8,128,100,4803.792410373688,0.3444882663885059,0.005826144483807667,0.2824591658123097,0.00458262449184986,0.9117655854857328,0.741929211139157,0.7354900111760099,0.023282376725641513,0.29736038877878673,0.005799504723762834,2.9370247182575535,0.9100499018849403
FNO,all_but_pos,posvel,3-fold,fold1,train,FULL,S3_c,shoulder,,True,1000,8,128,100,4803.792410373688,0.37460029134298267,0.006381519491066623,0.30232643316045904,0.00515865731009949,2.344711230011311,1.8512114113418636,1.1021661133367096,0.022086662039761423,0.37335090726546866,0.0063759320479436984,7.426845459193356,2.32857580326923
FNO,all_but_pos,posvel,3-fold,fold1,train,FULL,S3_c,elbow,,True,1000,8,128,100,4803.792410373688,0.29821187894560813,0.005435376720649285,0.2416822106367221,0.004409689350984948,0.8341331507585208,0.6626133413685572,0.9175630288700243,0.018237718779620042,0.28926617910095714,0.005391049418755068,2.925086943563394,0.8172604912620308
FNO,all_but_pos,posvel,3-fold,fold1,train,FULL,S4_c,shoulder,,True,1000,8,128,100,4803.792410373688,0.44171620408520984,0.006638347227021087,0.3482037291340545,0.0054752022824917385,2.6712783373634155,2.0311494530205403,1.2429892014048265,0.025472113987931144,0.3971813976134929,0.00642266763083372,8.42541032511758,2.355899790974365
FNO,all_but_pos,posvel,3-fold,fold1,train,FULL,S4_c,elbow,,True,1000,8,128,100,4803.792410373688,0.45347983151121996,0.009175407085832197,0.36839406716409173,0.007194660178083799,0.8844536771700604,0.736279676701671,1.301344427834515,0.039336206010460555,0.4416760765432834,0.008795617451826472,3.037633655559792,0.8759938531983074
FNO,all_but_pos,posvel,3-fold,fold1,train,FULL,S5_c,shoulder,,True,1000,8,128,100,4803.792410373688,0.3489503873375716,0.005763750652072628,0.2853925221982987,0.004574035403331599,2.780961820698952,2.2023392564696134,1.0814950510118508,0.021383250615265224,0.34875611258993383,0.005750096134499259,9.806653128582344,2.7600696935411624
FNO,all_but_pos,posvel,3-fold,fold1,train,FULL,S5_c,elbow,,True,1000,8,128,100,4803.792410373688,0.3105945371713083,0.005724079824309228,0.2570214701691248,0.004613624547172805,0.9692005981713531,0.7901945281276087,1.0599759375495545,0.017811693460667202,0.30130579066016716,0.005584640994361213,2.9403460543434203,0.9689105677893632
FNO,all_but_pos,posvel,3-fold,fold1,train,FULL,S6_c,shoulder,,True,1000,8,128,100,4803.792410373688,0.3717790407289898,0.006685179753384144,0.3092340575121232,0.0052383783996289325,2.719127481692707,2.198603119168015,0.9127226936498607,0.027699784025374145,0.3717193129472235,0.006623802795217803,7.705749279469224,2.6650720223977835
FNO,all_but_pos,posvel,3-fold,fold1,train,FULL,S6_c,elbow,,True,1000,8,128,100,4803.792410373688,0.26309556283644536,0.004589401637213134,0.21523834388726754,0.0036915077825846487,0.8037369480987198,0.680575652772747,0.719252641990373,0.01705755881193991,0.23298609129767126,0.004511901331884123,3.1388500806790574,0.7902105533883901
FNO,all_but_pos,posvel,3-fold,fold1,train,FULL,S8_c,shoulder,,True,1000,8,128,100,4803.792410373688,0.40627957416669935,0.00708113980527597,0.33808932962926647,0.0057123975341213055,2.883720411512223,2.2526388741146466,1.1435953255616123,0.021869408321948565,0.40590771362754946,0.007077820564986131,9.294065679861097,2.8515730350681805
FNO,all_but_pos,posvel,3-fold,fold1,train,FULL,S8_c,elbow,,True,1000,8,128,100,4803.792410373688,0.3213336101885533,0.006217804532828678,0.26446502272955413,0.0050760957849537046,0.930102866211307,0.7446492883769029,0.855366308972385,0.023035872338328194,0.3112203941988462,0.006158557847505161,3.278320392067924,0.9292410651825213
FNO,all_but_pos,posvel,3-fold,fold1,train,FULL,S9_c,shoulder,,True,1000,8,128,100,4803.792410373688,0.3704804151658771,0.006352704158579257,0.2994851290033633,0.0052238215664366,1.9544353880369074,1.527530999588506,1.1188304711763357,0.02463191191414291,0.36632826440209415,0.006340092431145747,6.468648527841859,1.8399981359831765
FNO,all_but_pos,posvel,3-fold,fold1,train,FULL,S9_c,elbow,,True,1000,8,128,100,4803.792410373688,0.3640252816474659,0.005805442950891021,0.2999821483519431,0.004600615509859795,0.6650923266652561,0.560738837970287,0.89755464048271,0.018656646407272937,0.342573125786314,0.0057300883870888475,2.263072367580347,0.6437917174755476
FNO,all_but_pos,posvel,3-fold,fold1,eval,FULL,S03_a,shoulder,,True,1000,8,128,100,4803.792410373688,0.24948042600816392,0.014828363608877189,0.219802916148824,0.013188633851142764,1.0341401999637663,0.8853274368812569,0.5495694125394779,0.03197441703083775,0.24772879231252246,0.014794279509668906,2.9272619885729987,1.0295263254886444
FNO,all_but_pos,posvel,3-fold,fold1,eval,FULL,S03_a,elbow,,True,1000,8,128,100,4803.792410373688,0.38328211583920174,0.013328170968385143,0.27021287226892104,0.011567261127431424,0.6544894616991295,0.5600276803499984,1.071002653924693,0.0349872615843822,0.3073977585244803,0.013082259954746794,1.5365782227642366,0.3672502586464476
FNO,all_but_pos,posvel,3-fold,fold1,eval,FULL,S06_a,shoulder,,True,1000,8,128,100,4803.792410373688,0.22522346315835345,0.01222658962928359,0.18966713848255456,0.010988534738573948,0.9173511189316366,0.8412416975336809,0.4402314158527641,0.03240022520777666,0.129040538027076,0.012063723526520603,2.045249672672738,0.42721767343691863
FNO,all_but_pos,posvel,3-fold,fold1,eval,FULL,S06_a,elbow,,True,1000,8,128,100,4803.792410373688,0.17906361113941632,0.010087320881082273,0.14956772127124437,0.008550701002485336,0.5342482302958045,0.46325068552248244,0.5817638659050308,0.027940617729477504,0.17551827234085032,0.009868398048058705,1.417124840223916,0.35264902795306674
FNO,all_but_pos,posvel,3-fold,fold1,eval,FULL,S10_c,shoulder,,True,1000,8,128,100,4803.792410373688,0.4484686299937719,0.006601800310820364,0.3561044519755035,0.005352356653204492,2.7315315445349446,2.1221712793432563,1.3551531547482027,0.02267146543171356,0.39917009624949734,0.006601072149659137,8.245404231396032,2.4267801841103003
FNO,all_but_pos,posvel,3-fold,fold1,eval,FULL,S10_c,elbow,,True,1000,8,128,100,4803.792410373688,0.3880596876102837,0.006079439831162909,0.3164971114176585,0.0048411327726774755,0.6535054706399167,0.5391688611467775,1.1237268919340615,0.02595574390618402,0.359771270252941,0.005955682237356759,2.1536318249896977,0.6532478963616181
FNO,all_but_pos,posvel,3-fold,fold1,eval,FULL,S11_c,shoulder,,True,1000,8,128,100,4803.792410373688,0.4398337464748394,0.006932592665642116,0.34586079362255323,0.005637898027894165,2.204960992054783,1.711438092544441,1.3351582056075817,0.020605589397879716,0.39095035601554073,0.006927737859402513,6.874536313258254,1.9764679669845577
FNO,all_but_pos,posvel,3-fold,fold1,eval,FULL,S11_c,elbow,,True,1000,8,128,100,4803.792410373688,0.3147083333030706,0.005748114267353126,0.25309122540069023,0.004641529977287058,0.5556312510975125,0.4619752245189496,0.9363105239687708,0.020817324293303324,0.2892435666674129,0.005592351495516239,1.9646291949987704,0.5546589249744103
FNO,all_but_pos,posvel,3-fold,fold1,eval,FULL,S12_a,shoulder,,True,1000,8,128,100,4803.792410373688,0.2740161161913499,0.011796458641891392,0.24377271915982723,0.010218869773107098,1.816631478654899,1.7399019724622233,0.5382669448997709,0.02823837027210389,0.1283449878614263,0.011675513911548823,3.2286950927630196,0.5237036440335878
FNO,all_but_pos,posvel,3-fold,fold1,eval,FULL,S12_a,elbow,,True,1000,8,128,100,4803.792410373688,0.1655354179547179,0.00843563723183207,0.1279366876885392,0.006582762839299122,1.1552361430927935,1.0904640518956923,0.5682600303815979,0.028483342915117334,0.131141905012713,0.00818716400227835,2.2402824807780615,0.3846722795600353
FNO,all_but_pos,posvel,3-fold,fold1,eval,FULL,S14_a,shoulder,,True,1000,8,128,100,4803.792410373688,0.1405145884314793,0.012383359595681551,0.11707721817199893,0.01105453790054273,0.3641286041881184,0.2933175363711253,0.4183195853319147,0.031494595791199176,0.14035699682546848,0.01238327733552829,1.245530808271608,0.359004003702551
FNO,all_but_pos,posvel,3-fold,fold1,eval,FULL,S14_a,elbow,,True,1000,8,128,100,4803.792410373688,0.17437525775613816,0.011459921864165012,0.13195313691330374,0.010074980432958847,0.16718026544641487,0.13335458881547538,0.6435571877671219,0.03780757938502819,0.16710568306130189,0.009844614494228795,0.8446891051860678,0.15075006348784772
FNO,all_but_pos,posvel,3-fold,fold1,eval,FULL,S15_c,shoulder,,True,1000,8,128,100,4803.792410373688,0.3883293641198013,0.006619715785057584,0.3220151788507868,0.005447958379457723,2.844371992422708,2.2788228183145387,1.1652948634721283,0.02545033645068352,0.37898208292984326,0.006609362373017571,9.096185084604365,2.680960013521779
FNO,all_but_pos,posvel,3-fold,fold1,eval,FULL,S15_c,elbow,,True,1000,8,128,100,4803.792410373688,0.28684921643906475,0.005649187209247494,0.23060988553388634,0.0045442792203525305,0.7350869093152235,0.6126756796201575,0.9124507143135266,0.023216558970448768,0.28684452278178024,0.005516449156240919,2.117229890525117,0.7288271331171581
FNO,all_but_pos,posvel,3-fold,fold1,eval,FULL,S17_c,shoulder,,True,1000,8,128,100,4803.792410373688,0.36336189399453195,0.006149821307792867,0.2990438051769689,0.005051298911742032,2.944216881357675,2.3713327503471264,1.1213977201666556,0.01851766124267746,0.36173083290164915,0.006139395350516147,9.761455930054218,2.8826182244324183
FNO,all_but_pos,posvel,3-fold,fold1,eval,FULL,S17_c,elbow,,True,1000,8,128,100,4803.792410373688,0.28738765770764363,0.0055394821914715574,0.23704702902588787,0.00445282605300845,0.9727445771160897,0.7975736333984378,0.7303439930090053,0.02263934726425331,0.2872745110695085,0.005438044762634998,3.0788061207363944,0.9726787430932136
FNO,all_but_pos,posvel,3-fold,fold1,eval,FULL,S1_c,shoulder,,True,1000,8,128,100,4803.792410373688,0.37156541467800336,0.006550938022662895,0.3039253298698535,0.005187489636000533,2.716905651422579,2.1514130729538348,1.2771716752225355,0.027192431727414736,0.37156511078839793,0.006539748813270802,10.218086102566538,2.704101847772189
FNO,all_but_pos,posvel,3-fold,fold1,eval,FULL,S1_c,elbow,,True,1000,8,128,100,4803.792410373688,0.2880474633540822,0.006430247059032094,0.22940879880637274,0.0051019310068066885,0.7882435904240929,0.6372928207588712,0.969449368533974,0.030469151573903692,0.2879637502033498,0.006392419506037796,2.2931463499966855,0.7829351634213164
FNO,all_but_pos,posvel,3-fold,fold1,eval,FULL,S7_c,shoulder,,True,1000,8,128,100,4803.792410373688,0.3577101193497503,0.005665988636546263,0.28889692561556185,0.004597470338688304,3.533888417783359,2.772290203389059,1.0271875949877378,0.018561851071212106,0.35164585842841295,0.005655552055207611,11.302357693263541,3.4210944900869245
FNO,all_but_pos,posvel,3-fold,fold1,eval,FULL,S7_c,elbow,,True,1000,8,128,100,4803.792410373688,0.2981709343546737,0.0053057756484410305,0.24315187451776682,0.004228588910283538,1.029494158945306,0.8334177756558581,0.818360670653289,0.022559231606834665,0.29237521964656094,0.005185716037383881,3.1074214226195473,1.026090193930905
FNO,all_but_pos,posvel,3-fold,fold2,train,FULL,S01_a,shoulder,,True,1000,8,128,100,4767.551906347275,0.1988501770343325,0.014061524542040828,0.17511974770513805,0.012874022415526641,0.7632719596439573,0.6835895037740779,0.4147096810477511,0.029266769777918856,0.11722161626872063,0.01406129326036175,1.7124324450400676,0.3639068083687189
FNO,all_but_pos,posvel,3-fold,fold2,train,FULL,S01_a,elbow,,True,1000,8,128,100,4767.551906347275,0.1588117722206439,0.01054463762661243,0.13170953505874936,0.008876765809376208,0.4640684603811617,0.41621892027869123,0.4831856730350075,0.024817252186039206,0.15827189145887932,0.010532671444398631,1.2766615393080036,0.2219668366948622
FNO,all_but_pos,posvel,3-fold,fold2,train,FULL,S03_a,shoulder,,True,1000,8,128,100,4767.551906347275,0.2125939847863959,0.014728645305086703,0.1830371843029287,0.01335632659269065,0.9117511931267601,0.7435263303405063,0.5806132996778446,0.031075235410454278,0.21034607883411363,0.014728624735395353,3.290183165752429,0.9054960203651765
FNO,all_but_pos,posvel,3-fold,fold2,train,FULL,S03_a,elbow,,True,1000,8,128,100,4767.551906347275,0.3547849250326144,0.013153828119219266,0.249453313206637,0.011151909640512431,0.5585936721106425,0.48108062583060945,1.021475008813609,0.03366166123944753,0.29112056779671736,0.013146305124690715,1.3870016366280522,0.3083825678953833
FNO,all_but_pos,posvel,3-fold,fold2,train,FULL,S04_a,shoulder,,True,1000,8,128,100,4767.551906347275,0.18229972421324891,0.01229936352253684,0.15747376707343094,0.010804322821769304,1.2707570263061216,1.168727606035943,0.3762312360857962,0.02818283368339581,0.1292912547040538,0.012295881958038928,2.8489823753089416,0.5143181454468081
FNO,all_but_pos,posvel,3-fold,fold2,train,FULL,S04_a,elbow,,True,1000,8,128,100,4767.551906347275,0.2607494533776613,0.011332769698056558,0.19233567844602487,0.009406340801747464,0.9195713454776198,0.8476753629765669,0.7630317048084444,0.028675661911305356,0.20432802773589023,0.011331568367500567,1.965195701335275,0.35911963402115904
FNO,all_but_pos,posvel,3-fold,fold2,train,FULL,S06_a,shoulder,,True,1000,8,128,100,4767.551906347275,0.22137526713779454,0.012013030712177398,0.1985978727226108,0.010839150083193404,0.9367425628158743,0.8728817691912332,0.433802804694565,0.02808965733811003,0.10292792836674797,0.01199934234402034,1.885231075569064,0.386041672428843
FNO,all_but_pos,posvel,3-fold,fold2,train,FULL,S06_a,elbow,,True,1000,8,128,100,4767.551906347275,0.17811413983825586,0.010153730969348502,0.14829498581549144,0.008634252588147375,0.4764042767318187,0.4132378358169647,0.6204205774834,0.027574043576173404,0.166576911211624,0.010101870415141798,1.1897788585174514,0.31504493038390535
FNO,all_but_pos,posvel,3-fold,fold2,train,FULL,S10_a,shoulder,,True,1000,8,128,100,4767.551906347275,0.12358764436238881,0.008107253242129187,0.1033022506861786,0.0071624101861771485,0.30437459531425487,0.25158591851523343,0.40255143576495345,0.022736503717023585,0.08199210754296717,0.008103862183757363,1.0133602899105618,0.23018966043803726
FNO,all_but_pos,posvel,3-fold,fold2,train,FULL,S10_a,elbow,,True,1000,8,128,100,4767.551906347275,0.16910662849184738,0.005739236410963733,0.13205101412955902,0.004820334761350718,0.22556701756497533,0.18895194092475578,0.5645133956083499,0.017749511191071952,0.1480682493107749,0.005718338936654165,0.6862402294244232,0.22452597813902414
FNO,all_but_pos,posvel,3-fold,fold2,train,FULL,S10_c,shoulder,,True,1000,8,128,100,4767.551906347275,0.4357044043127089,0.006369517230095721,0.3454148388582961,0.0052195570036832565,2.6989595977751475,2.0899853239821016,1.3395949040289241,0.01852173952588592,0.3959164870325416,0.0063693190422100055,8.239107027455363,2.407561466896884
FNO,all_but_pos,posvel,3-fold,fold2,train,FULL,S10_c,elbow,,True,1000,8,128,100,4767.551906347275,0.37037350067275193,0.005956190632400813,0.30529351416568395,0.004780422296538301,0.6472629230290395,0.5389551262356174,1.0753305429808144,0.02668259274689752,0.3585872514211114,0.005877265952288198,2.018446873727419,0.6432874412560604
FNO,all_but_pos,posvel,3-fold,fold2,train,FULL,S11_c,shoulder,,True,1000,8,128,100,4767.551906347275,0.42592827944042005,0.006671878123068359,0.3367305845334806,0.005511687461031847,2.173823656248862,1.6929339039500744,1.2552383905441051,0.0210649122033422,0.3882827841353396,0.006671699401783519,6.607719156962787,1.9634611946768163
FNO,all_but_pos,posvel,3-fold,fold2,train,FULL,S11_c,elbow,,True,1000,8,128,100,4767.551906347275,0.2962642752224011,0.005885033532038868,0.23714110283760975,0.004662891952574747,0.5520401591799157,0.4631863983007187,0.8821145238695887,0.02194922022287829,0.2874171104283024,0.00575897610730765,1.9133011412825496,0.5476583729255949
FNO,all_but_pos,posvel,3-fold,fold2,train,FULL,S12_a,shoulder,,True,1000,8,128,100,4767.551906347275,0.26162580698648535,0.0119024644656341,0.23976614084462552,0.010486778774006252,1.767404817508508,1.6879175191440257,0.5198498816522779,0.02692813899763132,0.1057093280297659,0.011901698960841122,3.35221041566282,0.5240746488039277
FNO,all_but_pos,posvel,3-fold,fold2,train,FULL,S12_a,elbow,,True,1000,8,128,100,4767.551906347275,0.14299263959799324,0.008358663116429105,0.11220038500238905,0.006438880944221764,1.0466452810202629,0.9917323804147001,0.5298032857542243,0.02853515063763519,0.12332973487688366,0.008358585532458437,2.031135798213384,0.336205797660338
FNO,all_but_pos,posvel,3-fold,fold2,train,FULL,S13_c,shoulder,,True,1000,8,128,100,4767.551906347275,0.37348055681763753,0.00593474222905821,0.3078584351620824,0.004762443148319579,2.0591771325129073,1.6608208387800645,1.0558692403029,0.02055151645168806,0.3668122955648174,0.005934698791987598,6.54813669186187,2.056460869797532
FNO,all_but_pos,posvel,3-fold,fold2,train,FULL,S13_c,elbow,,True,1000,8,128,100,4767.551906347275,0.3506827524637522,0.006288694653366381,0.2834138962238293,0.005041327007773109,0.840871126478699,0.6697789608483843,1.0617011431306764,0.02317802468915308,0.34773503486379304,0.00623875669562165,2.88507302952491,0.8276373602135071
FNO,all_but_pos,posvel,3-fold,fold2,train,FULL,S14_a,shoulder,,True,1000,8,128,100,4767.551906347275,0.10335865440526575,0.01265004538214676,0.08220067378772031,0.01125151121089456,0.2535041585588419,0.19388643056201696,0.35297935040605655,0.03446507464152923,0.1033441069393332,0.012613565915770838,1.0311212330065138,0.2530233706008938
FNO,all_but_pos,posvel,3-fold,fold2,train,FULL,S14_a,elbow,,True,1000,8,128,100,4767.551906347275,0.16413544784073306,0.009755392582207333,0.12492380082511806,0.007948929851242414,0.15086178254498403,0.12030596690370425,0.615931865425203,0.03414880750141531,0.1590170802079441,0.00968945777663151,0.6582100053020091,0.13728847806500183
FNO,all_but_pos,posvel,3-fold,fold2,train,FULL,S15_c,shoulder,,True,1000,8,128,100,4767.551906347275,0.380373249478674,0.006199594406581277,0.3174937742784731,0.005101291599663577,2.8015764261130776,2.2507254300462383,1.1729649140719267,0.020106913788836677,0.3756620521413198,0.006193321630358613,9.201928663737867,2.6576624059370766
FNO,all_but_pos,posvel,3-fold,fold2,train,FULL,S15_c,elbow,,True,1000,8,128,100,4767.551906347275,0.29250052564153894,0.0056516411903573685,0.23741287267342817,0.00453698359190495,0.7370932141166447,0.6228379380620059,0.8650767042274671,0.024305653177139556,0.28762679667467556,0.005531911062256373,2.020192853812449,0.7212361235633912
FNO,all_but_pos,posvel,3-fold,fold2,train,FULL,S17_c,shoulder,,True,1000,8,128,100,4767.551906347275,0.3605593583809367,0.005806995209986122,0.29752686509992143,0.00477467705276828,2.920688995221563,2.3532388528524026,1.1142045079153846,0.017296209959314322,0.3603521265405754,0.005804167905312979,9.814271934388149,2.866492904455926
FNO,all_but_pos,posvel,3-fold,fold2,train,FULL,S17_c,elbow,,True,1000,8,128,100,4767.551906347275,0.29307177177015725,0.005655143955713927,0.2435431710417074,0.00458411347779842,0.963494816994601,0.8022027944654335,0.7592197453242049,0.017970690904261805,0.2864274953050709,0.005610057824377265,2.9751040235714696,0.9610842651328084
FNO,all_but_pos,posvel,3-fold,fold2,train,FULL,S1_c,shoulder,,True,1000,8,128,100,4767.551906347275,0.36902073904581967,0.005479541440871747,0.3040958264244561,0.004350053157189783,2.677952576169104,2.1339444999633446,1.4024671120101413,0.023093969018330242,0.3685187501740268,0.005478873902992173,10.754590030396736,2.6677305933305386
FNO,all_but_pos,posvel,3-fold,fold2,train,FULL,S1_c,elbow,,True,1000,8,128,100,4767.551906347275,0.2926017856536076,0.006600939563796355,0.23476624347764993,0.0052430755996816045,0.7765921841014837,0.634637831701756,0.8856545363043598,0.028265733631975782,0.2894761417466028,0.006536660226547597,2.2010683553544883,0.7761458534807529
FNO,all_but_pos,posvel,3-fold,fold2,train,FULL,S2_c,shoulder,,True,1000,8,128,100,4767.551906347275,0.3717675616513969,0.004995431213348125,0.3168999019251758,0.0039611782920789184,2.1062378070159706,1.697889723511308,1.0444073495523287,0.018094933996112603,0.3484288909678175,0.00497559754056484,7.397021165584891,2.10184746196972
FNO,all_but_pos,posvel,3-fold,fold2,train,FULL,S2_c,elbow,,True,1000,8,128,100,4767.551906347275,0.3668386150018759,0.005745513946519475,0.3003250664661391,0.004650304447840677,0.9223089324267506,0.7533081923306185,0.7760018086627993,0.01809906436808391,0.2979909948007978,0.005633323863686024,2.785605479712324,0.916787984850344
FNO,all_but_pos,posvel,3-fold,fold2,train,FULL,S4_c,shoulder,,True,1000,8,128,100,4767.551906347275,0.4483924017763815,0.00653782297826933,0.35362400545105216,0.005267048856477448,2.661966241894398,2.0273583796560852,1.2882411124443498,0.022462607849904875,0.41166213906239485,0.006474811082109401,8.62767591655577,2.39215073772807
FNO,all_but_pos,posvel,3-fold,fold2,train,FULL,S4_c,elbow,,True,1000,8,128,100,4767.551906347275,0.4520175093653223,0.008960322446738297,0.36810708305252055,0.006985354711294135,0.8957363404972218,0.741550163690985,1.2736546330667278,0.03556724452433748,0.44473726318214535,0.008896444992528096,3.016350493283457,0.8845628971248309
FNO,all_but_pos,posvel,3-fold,fold2,train,FULL,S6_c,shoulder,,True,1000,8,128,100,4767.551906347275,0.3649794754343902,0.005580639937822055,0.3039864193637436,0.004507833245041462,2.6534873489330635,2.1434382903789797,0.8762992551634645,0.018929074096499212,0.3647987680330688,0.005574387261929266,7.557514380101564,2.6015775540166652
FNO,all_but_pos,posvel,3-fold,fold2,train,FULL,S6_c,elbow,,True,1000,8,128,100,4767.551906347275,0.29096233438216224,0.004857084746487123,0.23936493890376428,0.0039037857437519805,0.8018683432088731,0.6853727274157645,0.7660633623711406,0.015549418947638225,0.23250646849086712,0.004821487350727175,3.0870580207444505,0.772648485527675
FNO,all_but_pos,posvel,3-fold,fold2,train,FULL,S7_c,shoulder,,True,1000,8,128,100,4767.551906347275,0.35350204461440626,0.00575286310599546,0.2884912378643872,0.004713634796359742,3.5025145919990543,2.767408022638008,1.0122890795081123,0.017314400709601014,0.35118190543054983,0.0057478496088734475,11.254141558569197,3.4123831035337373
FNO,all_but_pos,posvel,3-fold,fold2,train,FULL,S7_c,elbow,,True,1000,8,128,100,4767.551906347275,0.2908716208316282,0.005411513400730116,0.2387107521879771,0.004258852606493871,1.0150082516803711,0.8320981040783344,0.7756076894673759,0.021344129455798402,0.2907580378548192,0.0052703115822532514,2.932105622167147,1.0149413429937446
FNO,all_but_pos,posvel,3-fold,fold2,train,FULL,S8_c,shoulder,,True,1000,8,128,100,4767.551906347275,0.40574707645587194,0.006639385090584908,0.3397002283276273,0.005413344344699596,2.860265468928305,2.241786181519515,1.1472954379276445,0.020142341215122747,0.4041473372960756,0.006639114402700198,9.32114787384555,2.830128998215541
FNO,all_but_pos,posvel,3-fold,fold2,train,FULL,S8_c,elbow,,True,1000,8,128,100,4767.551906347275,0.33805206010353056,0.006406303245797383,0.27792394117130187,0.005181070639309053,0.9276816910774137,0.7533726993696913,0.8071021299471118,0.021173402277741265,0.31193497480299637,0.006356158565464967,3.139603879858865,0.9203382380280375
FNO,all_but_pos,posvel,3-fold,fold2,eval,FULL,S02_a,shoulder,,True,1000,8,128,100,4767.551906347275,0.3100086767895345,0.010568161741091285,0.28764376300969,0.009520652986810827,1.1035055059717107,1.0281378609445906,0.5048483033895095,0.025569699199100786,0.11733895735981632,0.01056074216728391,2.2793704820321707,0.41929529919454067
FNO,all_but_pos,posvel,3-fold,fold2,eval,FULL,S02_a,elbow,,True,1000,8,128,100,4767.551906347275,0.1867669470205359,0.007789973956746254,0.16016528310493797,0.006513847551949107,0.5025533811677864,0.45369062671939675,0.4902541209074016,0.0232613453223948,0.13198367614381087,0.007768661948043715,1.1405363530325063,0.2566207342701955
FNO,all_but_pos,posvel,3-fold,fold2,eval,FULL,S05_a,shoulder,,True,1000,8,128,100,4767.551906347275,0.16284042173022034,0.010552078639591664,0.13060549079056352,0.00956914505678944,0.43947467939926416,0.3636309069630236,0.5408326226442228,0.024988921667130355,0.10753658596824905,0.01050837128130836,1.5462147883671409,0.3930505956624928
FNO,all_but_pos,posvel,3-fold,fold2,eval,FULL,S05_a,elbow,,True,1000,8,128,100,4767.551906347275,0.4153745212349872,0.009315302602433372,0.3613967765791543,0.008150439196742253,0.6884733333345364,0.6057744472983838,1.15288791280719,0.027644475897503417,0.20488221657302896,0.009272966054153762,1.5944939506264646,0.3327571327683332
FNO,all_but_pos,posvel,3-fold,fold2,eval,FULL,S09_a,shoulder,,True,1000,8,128,100,4767.551906347275,0.15823340601523303,0.01202898922166815,0.1347682042709126,0.009691724578280245,0.9261204924200798,0.6875753580617056,0.39235879194303247,0.03779145236867006,0.15603583177842484,0.01199344274623392,3.7393558859267273,0.8261468096110877
FNO,all_but_pos,posvel,3-fold,fold2,eval,FULL,S09_a,elbow,,True,1000,8,128,100,4767.551906347275,0.25645882789430136,0.011561923057629573,0.22503350374913247,0.00936962549185165,0.5098187779543665,0.4137067519269164,0.7521810847417605,0.03208984229271259,0.22805044365413132,0.011522396432258608,1.4785794590693186,0.4532064043782709
FNO,all_but_pos,posvel,3-fold,fold2,eval,FULL,S12_c,shoulder,,True,1000,8,128,100,4767.551906347275,0.3879306370211865,0.005972758473012273,0.3116842481256638,0.004867977181436442,2.711549400616841,2.0995134264982394,1.1577926988964544,0.01772787437094088,0.37949505453576693,0.005965416281849906,8.563572317739826,2.52004104094218
FNO,all_but_pos,posvel,3-fold,fold2,eval,FULL,S12_c,elbow,,True,1000,8,128,100,4767.551906347275,0.35999650639058745,0.00652740720464068,0.2929312769710494,0.00521645312271137,0.7653604941921247,0.6422519368642797,0.9064318770014028,0.02083634721120668,0.34962203328782016,0.006451521691112644,2.4180600454037027,0.7331553221425359
FNO,all_but_pos,posvel,3-fold,fold2,eval,FULL,S14_c,shoulder,,True,1000,8,128,100,4767.551906347275,0.41677637844846144,0.006961252126590871,0.3344370652303867,0.005815232101619487,1.7439291972537843,1.3467095087281977,1.245237957379123,0.021912651709470255,0.41224071892995845,0.006957074160041337,5.770509123539346,1.6839165030605816
FNO,all_but_pos,posvel,3-fold,fold2,eval,FULL,S14_c,elbow,,True,1000,8,128,100,4767.551906347275,0.34733883975638236,0.006916152428287926,0.2708214220774334,0.005253415569694256,0.47812562040540474,0.3831436816612172,1.3347057569897718,0.03052149685935398,0.3463628923407848,0.006872027126184858,1.473840471982031,0.4780718667882034
FNO,all_but_pos,posvel,3-fold,fold2,eval,FULL,S16_c,shoulder,,True,1000,8,128,100,4767.551906347275,0.3164310051196167,0.004799651018858301,0.26539281555582434,0.0037471905560957433,2.7518139848789107,2.240835886873367,0.8934371697687689,0.02080224833980561,0.3130446013095359,0.004799276874188037,8.045552116735411,2.75180145831781
FNO,all_but_pos,posvel,3-fold,fold2,eval,FULL,S16_c,elbow,,True,1000,8,128,100,4767.551906347275,0.31241108777283205,0.005481077550109245,0.2599633753457617,0.004485383530318886,1.1100800280107324,0.9128847774350793,0.778880097010691,0.017360031794045713,0.302900106329641,0.005418968575228009,3.053620731797537,1.1078573925436066
FNO,all_but_pos,posvel,3-fold,fold2,eval,FULL,S3_c,shoulder,,True,1000,8,128,100,4767.551906347275,0.3725192856806479,0.005987451108654978,0.30388525658072957,0.004892910524508546,2.326041251531799,1.8440624078699337,1.068728026827005,0.02095252623927536,0.3723912065300731,0.005987217822462847,7.328529193867823,2.3129755653846082
FNO,all_but_pos,posvel,3-fold,fold2,eval,FULL,S3_c,elbow,,True,1000,8,128,100,4767.551906347275,0.28833859020922015,0.005787546143991243,0.2314226788571356,0.004648387811019557,0.8169547179499368,0.6549645715780461,0.8568205314258714,0.01672174317882021,0.2873343119715203,0.005711489219816855,2.7658054671188794,0.8090856627405343
FNO,all_but_pos,posvel,3-fold,fold2,eval,FULL,S5_c,shoulder,,True,1000,8,128,100,4767.551906347275,0.34659198600518876,0.005174377106021774,0.28614022599397426,0.004280225583205644,2.7391108337842813,2.181924061890931,1.0265711268323456,0.015121113142704638,0.34505424935864265,0.005171907521517598,9.508275786689529,2.721690398877279
FNO,all_but_pos,posvel,3-fold,fold2,eval,FULL,S5_c,elbow,,True,1000,8,128,100,4767.551906347275,0.32738675445772664,0.005661892479185896,0.27021035388663306,0.0045027762162279245,0.9579720421286921,0.7921423490083389,1.0095957075996034,0.020258729649422734,0.3007178427408599,0.0055962082102366615,2.812356706024091,0.9521334439117026
FNO,all_but_pos,posvel,3-fold,fold2,eval,FULL,S9_c,shoulder,,True,1000,8,128,100,4767.551906347275,0.36808058173147606,0.006186592703884507,0.30031005611708383,0.005063576719740513,1.9480558624650142,1.5257166341049566,1.0692236676321993,0.020582472679598538,0.3664718290080833,0.006186487097394758,6.365060326901464,1.8397470129363338
FNO,all_but_pos,posvel,3-fold,fold2,eval,FULL,S9_c,elbow,,True,1000,8,128,100,4767.551906347275,0.38437868437666994,0.005921611943299626,0.3175241485793605,0.004673592125658217,0.6751724762565813,0.5796087708879055,0.8356595084178907,0.021188517048119537,0.3423104337462519,0.005852830890807525,2.1555168732794616,0.6391247549929293
FNO,all_but_pos,posvel,3-fold,fold3,train,FULL,S02_a,shoulder,,True,1000,8,128,100,5058.394980192184,0.29266467414067043,0.010749829658222288,0.27657772815550297,0.009069452137563647,1.0902959783723896,1.0001260091158963,0.4850350158731554,0.02937633367665019,0.09608637158066675,0.010516592883568683,2.3709877407831916,0.4630328165525116
FNO,all_but_pos,posvel,3-fold,fold3,train,FULL,S02_a,elbow,,True,1000,8,128,100,5058.394980192184,0.18438516228324997,0.007968102711839797,0.1580876712743485,0.006560883778631944,0.4851104933380388,0.4344732915127746,0.4842861494572892,0.021077257816305962,0.13106781027492823,0.007611958042255508,1.0841920597682613,0.2654344199819369
FNO,all_but_pos,posvel,3-fold,fold3,train,FULL,S03_a,shoulder,,True,1000,8,128,100,5058.394980192184,0.18438711949656922,0.014764439516056266,0.15702930300531845,0.013142130561348449,0.7186512207037281,0.5808011926367871,0.5008173188402452,0.03122987530361234,0.18117081749944614,0.01472690970896291,2.64390983131868,0.7126775069715495
FNO,all_but_pos,posvel,3-fold,fold3,train,FULL,S03_a,elbow,,True,1000,8,128,100,5058.394980192184,0.3536264950191991,0.013219613077903697,0.24795919375778516,0.011059584711840697,0.5841891616754021,0.48391738832903913,1.0079727686326398,0.034588748361704426,0.289203795801347,0.013067787085800734,1.518215401591829,0.3692765267711607
FNO,all_but_pos,posvel,3-fold,fold3,train,FULL,S05_a,shoulder,,True,1000,8,128,100,5058.394980192184,0.17800776436532534,0.010974820872443414,0.15087756063538932,0.009215897432908978,0.38197757884257344,0.3078173025320724,0.548810942765988,0.02789548616860094,0.09885811956964996,0.010828409971006422,1.5803746053984882,0.3692265570306545
FNO,all_but_pos,posvel,3-fold,fold3,train,FULL,S05_a,elbow,,True,1000,8,128,100,5058.394980192184,0.4177661123496813,0.010039947877245376,0.3638264619350854,0.007646540388811116,0.6580275121784745,0.5514914469268978,1.1479798279378053,0.027764036078816026,0.20543860241374895,0.009443532169912916,1.657402293385813,0.37214377519996494
FNO,all_but_pos,posvel,3-fold,fold3,train,FULL,S06_a,shoulder,,True,1000,8,128,100,5058.394980192184,0.20583785589212653,0.012421874919790698,0.18940996756368877,0.011033410029736528,0.9315730612789963,0.851648633942808,0.41895907257595844,0.03399829626042393,0.08232349617760601,0.01204583997012132,1.9365451950325543,0.4127780902901269
FNO,all_but_pos,posvel,3-fold,fold3,train,FULL,S06_a,elbow,,True,1000,8,128,100,5058.394980192184,0.1763938001151716,0.010190599155149542,0.14672594236362466,0.00853371147893444,0.48689185462068163,0.4157232138998026,0.6206965220085832,0.025111719808544153,0.16598790911354736,0.00988586132169598,1.2437607060705371,0.344830888746459
FNO,all_but_pos,posvel,3-fold,fold3,train,FULL,S09_a,shoulder,,True,1000,8,128,100,5058.394980192184,0.1410307645404458,0.01217551021988255,0.1184282004036667,0.010148289368785013,0.9184021700185174,0.700120398664387,0.39927926933737334,0.036207086770274705,0.13962148536229463,0.012151304015005313,3.31493414395359,0.8128367046654696
FNO,all_but_pos,posvel,3-fold,fold3,train,FULL,S09_a,elbow,,True,1000,8,128,100,5058.394980192184,0.2540736472128662,0.011606758554654265,0.22379011457778225,0.00933204052204891,0.5805837157312818,0.4700870322942994,0.7277185455042883,0.03484804397383242,0.22598187063910638,0.011357301359772348,1.843540237691812,0.5221989543092923
FNO,all_but_pos,posvel,3-fold,fold3,train,FULL,S10_c,shoulder,,True,1000,8,128,100,5058.394980192184,0.43390218105247785,0.00767306059321716,0.3458015710205956,0.006160404114722997,2.6806922558184785,2.0912059507871743,1.3839039575272145,0.025462862705254056,0.40224209238038156,0.006889149800442969,8.451776575977146,2.4430954967909453
FNO,all_but_pos,posvel,3-fold,fold3,train,FULL,S10_c,elbow,,True,1000,8,128,100,5058.394980192184,0.3698656605629547,0.0059912745812062485,0.30509791751247217,0.00480730404806456,0.6567949439617043,0.5419327983609327,1.0621813791876238,0.02391440589456159,0.359167857174995,0.005857744648058329,2.0702338022065856,0.6551661893070372
FNO,all_but_pos,posvel,3-fold,fold3,train,FULL,S11_c,shoulder,,True,1000,8,128,100,5058.394980192184,0.4250305701435881,0.007543776065713203,0.33710805953860573,0.006117174431334484,2.16434257567748,1.6944116115772334,1.3152771414848468,0.023045222409697648,0.3941033838744385,0.007243540974303973,6.83924594657209,1.98888562507397
FNO,all_but_pos,posvel,3-fold,fold3,train,FULL,S11_c,elbow,,True,1000,8,128,100,5058.394980192184,0.2968719605436936,0.005575041786116454,0.23749356038758743,0.004408179872098729,0.5579879584606948,0.46455041052140467,0.8732901661037156,0.02059641070576159,0.2885267555142798,0.005531324906031496,1.937662870560858,0.5557200451920374
FNO,all_but_pos,posvel,3-fold,fold3,train,FULL,S12_a,shoulder,,True,1000,8,128,100,5058.394980192184,0.26414018063144484,0.012477692951783366,0.24378531706397052,0.010579307035753027,1.8331364822860203,1.7407736683391921,0.5166148103093129,0.030624400081817254,0.10257255910608108,0.0117373147523636,3.552065757795406,0.5745401624820299
FNO,all_but_pos,posvel,3-fold,fold3,train,FULL,S12_a,elbow,,True,1000,8,128,100,5058.394980192184,0.14619348552173725,0.008514307581056863,0.11445757085058772,0.006671205786297299,1.0734220297533081,1.014608761836205,0.5399428702955451,0.024632106484747385,0.12457134223509872,0.008141298160947389,2.0784074907514283,0.3537676573616351
FNO,all_but_pos,posvel,3-fold,fold3,train,FULL,S12_c,shoulder,,True,1000,8,128,100,5058.394980192184,0.3912660656400711,0.007622672596107114,0.31433595291582933,0.006116930591255588,2.711698759107299,2.102849802486761,1.264261197603272,0.023481567104332985,0.386215251295329,0.006714483240490359,9.078425083608588,2.5666772718103132
FNO,all_but_pos,posvel,3-fold,fold3,train,FULL,S12_c,elbow,,True,1000,8,128,100,5058.394980192184,0.362224009867011,0.00661231402154965,0.29488763774576654,0.005280357151379072,0.7714022016967789,0.6374526926070052,0.9046699637018423,0.02384475234392356,0.3505987172346374,0.0064798138982362155,2.5122565557626975,0.7462247972323468
FNO,all_but_pos,posvel,3-fold,fold3,train,FULL,S14_a,shoulder,,True,1000,8,128,100,5058.394980192184,0.09861027788174688,0.012410112385848023,0.07716807704628142,0.010993127249153755,0.2621828980348107,0.201086607941244,0.3267053208509003,0.028073178420322368,0.08701143891469178,0.012303027351620813,1.0073919757843837,0.21665253256869918
FNO,all_but_pos,posvel,3-fold,fold3,train,FULL,S14_a,elbow,,True,1000,8,128,100,5058.394980192184,0.1628562820895626,0.010610145103155128,0.12385994291189736,0.008190790656249796,0.16503307330328948,0.12930302536676408,0.6136670081330277,0.0374474430959621,0.1567706320293344,0.009885764115951826,0.736265509876508,0.164925289962502
FNO,all_but_pos,posvel,3-fold,fold3,train,FULL,S14_c,shoulder,,True,1000,8,128,100,5058.394980192184,0.41694669236742427,0.008810337775293586,0.3365553746610312,0.007072612009802078,1.7358424101189327,1.3524387371144029,1.223016649568132,0.028517095680912288,0.41520390088429227,0.007411478802499221,5.700133107062234,1.6997263843085737
FNO,all_but_pos,posvel,3-fold,fold3,train,FULL,S14_c,elbow,,True,1000,8,128,100,5058.394980192184,0.3464811833801219,0.00715849023277737,0.2703697342667435,0.005547527889042263,0.48347615758031476,0.3831182839570888,1.3373326528943128,0.02772045356106874,0.34588300979338815,0.006891212325935097,1.5303862251450613,0.4824984343429484
FNO,all_but_pos,posvel,3-fold,fold3,train,FULL,S15_c,shoulder,,True,1000,8,128,100,5058.394980192184,0.38416044421192735,0.007921483949318641,0.3200774897202437,0.006309203704825762,2.8037395540079895,2.2613656356222145,1.1490907802466246,0.028667585076081963,0.3818151663026671,0.0068866049114450845,9.071653561643624,2.700713850903845
FNO,all_but_pos,posvel,3-fold,fold3,train,FULL,S15_c,elbow,,True,1000,8,128,100,5058.394980192184,0.29373620795380145,0.005600273484625275,0.23864488491195604,0.004458420160679066,0.7430153086767728,0.6225312653507787,0.847871704303761,0.02617225644731263,0.2877964140573864,0.0054741925628406475,2.0914316822445875,0.7317562563881089
FNO,all_but_pos,posvel,3-fold,fold3,train,FULL,S16_c,shoulder,,True,1000,8,128,100,5058.394980192184,0.3253718411372548,0.005902808708157595,0.2718918311068751,0.00458885354229131,2.814305013037332,2.291276568709075,0.8816845643305364,0.0204533105961254,0.31974563528823663,0.005366082152892558,8.129596007592344,2.8109222095720847
FNO,all_but_pos,posvel,3-fold,fold3,train,FULL,S16_c,elbow,,True,1000,8,128,100,5058.394980192184,0.3127465635517234,0.005535673120257555,0.26026881917521216,0.004374175207685356,1.1237274786921754,0.9164700876985943,0.7708544508009743,0.019275761398707177,0.3026198148812902,0.005391625430571524,3.1537648473229116,1.1193851488598494
FNO,all_but_pos,posvel,3-fold,fold3,train,FULL,S17_c,shoulder,,True,1000,8,128,100,5058.394980192184,0.36672139392016107,0.007381176564689633,0.3022563762316087,0.005970126378221749,2.9522536033719495,2.3866586162709704,1.1772415289606757,0.020965849552752144,0.3666767999921341,0.0066506880791860346,10.159530888765348,2.9248751264680757
FNO,all_but_pos,posvel,3-fold,fold3,train,FULL,S17_c,elbow,,True,1000,8,128,100,5058.394980192184,0.292374015791044,0.0056724451352880186,0.2429140398191162,0.004570837967136101,0.9799095961870048,0.8074509184199188,0.7595877444010481,0.019437683173195636,0.2850771618540481,0.0054775229128348115,3.035497537012392,0.9793835392315293
FNO,all_but_pos,posvel,3-fold,fold3,train,FULL,S1_c,shoulder,,True,1000,8,128,100,5058.394980192184,0.3847998749597051,0.007824307327667345,0.31712781443691856,0.006068631249530364,2.770057549975829,2.2234343604747515,1.4293711361938914,0.03352969551192728,0.3831580052046688,0.006864506193957722,10.86739592341912,2.768542670315594
FNO,all_but_pos,posvel,3-fold,fold3,train,FULL,S1_c,elbow,,True,1000,8,128,100,5058.394980192184,0.2939242948895288,0.006546325356622755,0.2357682688588006,0.005059007759657473,0.7954982751346542,0.6450411471261511,0.8983531866644672,0.03309384726167955,0.2900090391852706,0.006442234896553328,2.2774829839983646,0.7941553150871052
FNO,all_but_pos,posvel,3-fold,fold3,train,FULL,S3_c,shoulder,,True,1000,8,128,100,5058.394980192184,0.3794678926429972,0.007084554326880072,0.3101433963199508,0.005566851336968088,2.3643262424459603,1.882792383364304,1.0791861981946502,0.025042048207108564,0.3794438999372587,0.006832812485184073,7.381107263296578,2.359759302281236
FNO,all_but_pos,posvel,3-fold,fold3,train,FULL,S3_c,elbow,,True,1000,8,128,100,5058.394980192184,0.28766919248328676,0.005386520994315348,0.23098521036692068,0.004273953357166485,0.8332390250537635,0.6621246534533656,0.8396781145317128,0.01720647638744255,0.28686229943058733,0.0053633178077924434,2.862816168689278,0.8225816740626456
FNO,all_but_pos,posvel,3-fold,fold3,train,FULL,S5_c,shoulder,,True,1000,8,128,100,5058.394980192184,0.356417669628881,0.00709140030986035,0.29445708700241024,0.00554177235962682,2.7945815686980855,2.240729026111195,1.0579655871046076,0.02319398561972883,0.3524741758910555,0.006012499905809093,9.763653731330065,2.7913904085706753
FNO,all_but_pos,posvel,3-fold,fold3,train,FULL,S5_c,elbow,,True,1000,8,128,100,5058.394980192184,0.3288602473584742,0.005700955501422177,0.27125333312296057,0.004551835246150739,0.9750346922181891,0.7991960545352753,1.010568932239496,0.019889793345535107,0.3004457960439145,0.005491145891853277,2.872301125059626,0.9727215676562917
FNO,all_but_pos,posvel,3-fold,fold3,train,FULL,S7_c,shoulder,,True,1000,8,128,100,5058.394980192184,0.35633429685930074,0.006657714143879347,0.2913287854760971,0.005397292377591515,3.5166896140491213,2.798797562094179,1.049134763559626,0.020086322554714903,0.3554989254369436,0.0060926493196544855,11.39588975266349,3.4619123723271388
FNO,all_but_pos,posvel,3-fold,fold3,train,FULL,S7_c,elbow,,True,1000,8,128,100,5058.394980192184,0.2907217649517822,0.005203580552504732,0.23891035653404852,0.004087258823538228,1.031790411460819,0.8391925387895726,0.7615553740961702,0.021316363004558816,0.29068964817725057,0.005148127795043822,3.0046717648042724,1.030829809057952
FNO,all_but_pos,posvel,3-fold,fold3,train,FULL,S9_c,shoulder,,True,1000,8,128,100,5058.394980192184,0.36864663644458806,0.00756649786701679,0.29980431394526547,0.006154179781778683,1.9264834178254253,1.5085802064457516,1.1465603657881032,0.02471237445929939,0.3682532050621174,0.0066503792596797435,6.65529218952811,1.8491062007053007
FNO,all_but_pos,posvel,3-fold,fold3,train,FULL,S9_c,elbow,,True,1000,8,128,100,5058.394980192184,0.38574257942158674,0.005820780931779084,0.3185395389629049,0.004572220079242909,0.6737830092391557,0.5707751217430548,0.8271093413341505,0.01962837432059493,0.341729632587955,0.005683561134873994,2.2219618450058416,0.644159652135238
FNO,all_but_pos,posvel,3-fold,fold3,eval,FULL,S01_a,shoulder,,True,1000,8,128,100,5058.394980192184,0.1703524145353113,0.014213869661293592,0.14871982164443093,0.012471935112685843,0.676098130173561,0.6012815470084655,0.39013092918347114,0.03588669707451251,0.09479888954852043,0.013966151286579177,1.735896537915946,0.3309886972570528
FNO,all_but_pos,posvel,3-fold,fold3,eval,FULL,S01_a,elbow,,True,1000,8,128,100,5058.394980192184,0.15605345339070775,0.010854877066529158,0.12930483204003848,0.008778046305791435,0.44356637528163756,0.3825324672524603,0.47215118435702896,0.02843231037483726,0.15572025041382326,0.010443163453455945,1.3307646740120382,0.25918807287263984
FNO,all_but_pos,posvel,3-fold,fold3,eval,FULL,S04_a,shoulder,,True,1000,8,128,100,5058.394980192184,0.17272568665973018,0.012612901782385708,0.14828736391936717,0.01098975127519519,1.3198149273038258,1.2358447566761657,0.36626325484817596,0.033628849919623026,0.10885286029685165,0.012447418180568865,3.0461196061000004,0.46589751892790265
FNO,all_but_pos,posvel,3-fold,fold3,eval,FULL,S04_a,elbow,,True,1000,8,128,100,5058.394980192184,0.2628067480826559,0.011225320797987449,0.19327629877905825,0.009382629425301405,0.9508396667205661,0.8663973980703112,0.7622644738208956,0.02787042737477677,0.20480698652851773,0.01117988822894261,2.054371722865448,0.39603578127009104
FNO,all_but_pos,posvel,3-fold,fold3,eval,FULL,S10_a,shoulder,,True,1000,8,128,100,5058.394980192184,0.188966952061633,0.009313849467595735,0.1711393589029224,0.007666527858242126,0.4821418648760544,0.4215006906528085,0.49905305438868697,0.02581896350996687,0.08787713831429478,0.009295471206592945,1.3934724927939381,0.2470688706659898
FNO,all_but_pos,posvel,3-fold,fold3,eval,FULL,S10_a,elbow,,True,1000,8,128,100,5058.394980192184,0.17001975096859678,0.007185951094404294,0.13251428850714567,0.005452378225481136,0.3015455405353626,0.24489902940780506,0.5615703566679202,0.020874844188924276,0.14661444990405614,0.006017376632139271,0.8545178385317278,0.2582281795302839
FNO,all_but_pos,posvel,3-fold,fold3,eval,FULL,S13_c,shoulder,,True,1000,8,128,100,5058.394980192184,0.3831468618551441,0.006736298556223966,0.31658609641729424,0.005322145949022026,2.1036077117760597,1.7071655339379286,1.1057566650486783,0.023009594030114013,0.37413035290806673,0.006561276060269784,6.690963776813273,2.095123164229204
FNO,all_but_pos,posvel,3-fold,fold3,eval,FULL,S13_c,elbow,,True,1000,8,128,100,5058.394980192184,0.3516288853512172,0.006333081355466045,0.2842551947347156,0.005017772929313716,0.8495921549649837,0.6744506878851285,1.0613330248445436,0.024599312344983464,0.34861141740247836,0.0062607204939328425,2.8999200758644537,0.8322615839695325
FNO,all_but_pos,posvel,3-fold,fold3,eval,FULL,S2_c,shoulder,,True,1000,8,128,100,5058.394980192184,0.3838106044545214,0.005798165517903508,0.32514580575984015,0.004562991876675496,2.187828048121287,1.7570817443320716,1.1168269645804954,0.02175933844859479,0.3602317599683763,0.0057826287254064005,7.684638371513186,2.1800324886244486
FNO,all_but_pos,posvel,3-fold,fold3,eval,FULL,S2_c,elbow,,True,1000,8,128,100,5058.394980192184,0.3670225173546852,0.0056643660937863854,0.3007219220938225,0.00458040184595527,0.9428578032656296,0.763700038837285,0.7810696681470617,0.021174205143419528,0.29784273527232874,0.005620852964685716,2.923826762220076,0.9374582757206779
FNO,all_but_pos,posvel,3-fold,fold3,eval,FULL,S4_c,shoulder,,True,1000,8,128,100,5058.394980192184,0.4594509778674352,0.006947548944938054,0.36234291703619537,0.005704917014021607,2.730874090124619,2.0970316143162373,1.2920699699078708,0.02557813947511567,0.4188896897398131,0.006412775846283276,8.583562031042929,2.4389442551557936
FNO,all_but_pos,posvel,3-fold,fold3,eval,FULL,S4_c,elbow,,True,1000,8,128,100,5058.394980192184,0.45098194375944234,0.009183584631179265,0.3675729089299042,0.007233547139433159,0.9202705474793915,0.762785801525331,1.2705947690225383,0.034710561025237535,0.4438735552843816,0.008717398543837136,3.095568365077994,0.9043046838540796
FNO,all_but_pos,posvel,3-fold,fold3,eval,FULL,S6_c,shoulder,,True,1000,8,128,100,5058.394980192184,0.3782005377803976,0.007838853479746107,0.3153378157452851,0.006150316545723644,2.7211466573231586,2.2204852536934645,0.923305697266336,0.026817826585400176,0.3770472567939683,0.006788756199577125,7.509585416501287,2.695087649425195
FNO,all_but_pos,posvel,3-fold,fold3,eval,FULL,S6_c,elbow,,True,1000,8,128,100,5058.394980192184,0.2925635413371197,0.004803185874216693,0.24089793712467417,0.003717299071060782,0.8191744098707635,0.6936197996380581,0.7559660416203458,0.018037642642594533,0.23135108825985423,0.0045284347572907115,3.1353798893655136,0.7969398915921543
FNO,all_but_pos,posvel,3-fold,fold3,eval,FULL,S8_c,shoulder,,True,1000,8,128,100,5058.394980192184,0.4164121139432734,0.007945402339523063,0.34750039477139744,0.006316772725612994,2.915309984701635,2.297443635042197,1.1946471237235678,0.025437312950945385,0.4131016685899517,0.007454207052972247,9.503886586704532,2.902336702052183
FNO,all_but_pos,posvel,3-fold,fold3,eval,FULL,S8_c,elbow,,True,1000,8,128,100,5058.394980192184,0.3391416599336496,0.006208452056978925,0.2784874215216951,0.004992334107737829,0.9454436772112949,0.7589573272428264,0.8153511743654468,0.024862832931790185,0.31175028782760045,0.0061424720041001754,3.1892085156076457,0.9413648973385316
